50
{"code": "1101", "name": "台泥", "foreign": 30065221, "trust": -24000, "dealer": 740646, "total": 30781867, "close_price": 25.65, "daily_volume": 130176358, "5day_change": 6.6528084500067655, "buy_amount": 789554888.55, "daily_turnover": 3339023582.7, "buy_ratio": 23.64628068639007, "volume_rank": 1, "amount_rank": 16, "avg_rank": 8.5}
2408,6770,2330,2317,3037,1101,2618,2344,8150,8046,2610,3016,3189,2412,3605,2404,2337,3711,1314,1102,6505,2347,3055,9904,2104,1216,2609,6456,3532,6531,9945,4938,2379,2027,2313,2351,2886,3042,2892,3045,2515,1312,3576,2646,2354,2208,2103,1402,2855,2889
2408 南亞科 29607502 2.0
6770 力積電 25104592 5.5
2330 台積電 6304723 6.0
2317 鴻海 7773711 7.5
3037 欣興 5629629 8.0
1101 台泥 30781867 8.5
2618 長榮航 19319371 10.0
2344 華邦電 6946172 10.0
8150 南茂 8266196 10.5
8046 南電 3802105 10.5
2610 華航 20352987 12.5
3016 嘉晶 6278453 12.5
3189 景碩 2991624 15.0
2412 中華電 4591294 17.5
3605 宏致 3787905 18.0
2404 漢唐 1984500 19.0
2337 旺宏 3493393 21.0
3711 日月光投控 1907819 21.5
1314 中石化 8986491 22.5
1102 亞泥 5504909 22.5
6505 台塑化 3629242 22.5
2347 聯強 3414885 23.0
3055 蔚華科 2339687 24.0
9904 寶成 5110876 24.5
2104 國際中橡 6918487 25.0
1216 統一 3210922 25.5
2609 陽明 3244436 27.0
6456 GIS-KY 2848401 27.5
3532 台勝科 1618306 29.5
6531 愛普* 1216190 30.0
9945 潤泰新 3203776 30.5
4938 和碩 2170099 30.5
2379 瑞昱 1221455 30.5
2027 大成鋼 2402083 31.0
2313 華通 1791082 31.0
2351 順德 1713517 32.0
2886 兆豐金 1916376 34.5
3042 晶技 1346198 36.5
2892 第一金 1867364 38.5
3045 台灣大 1451386 38.5
2515 中工 2283012 39.0
1312 國喬 2221929 39.0
3576 聯合再生 1882913 41.0
2646 星宇航空 1794833 41.0
2354 鴻準 1384106 41.5
2208 台船 1793294 42.0
2103 台橡 1686670 42.0
1402 遠東新 1583722 43.5
2855 統一證 1241583 44.5
2889 國票金 1239451 49.0
