50
2330 3037 1101 2618 2344 8150 2610 3016 3189 3605 2404 2337 3711 1314 1102 6505 2347 3055 9904 2104 1216 6456 3532 6531 9945 4938 2379 2027 2313 2351 3042 3045 2515 1312 3576 2646 2354 2208 2103 1402 2855 2889
2408 南亞科 2.0 29608 48.9 4.6
6770 力積電 5.5 25105 21.3 4.6
2330 台積電 6.0 6305 30.9 5.0
2317 鴻海 7.5 7774 22.4 3.2
3037 欣興 8.0 5630 25.7 20.7
1101 台泥 8.5 30782 23.6 6.7
2618 長榮航 10.0 19319 51.0 3.8
2344 華邦電 10.0 6946 9.9 2.1
8150 南茂 10.5 8266 7.1 22.8
8046 南電 10.5 3802 22.3 9.5
2610 華航 12.5 20353 59.2 2.5
3016 嘉晶 12.5 6278 20.5 26.0
3189 景碩 15.0 2992 10.2 10.5
2412 中華電 17.5 4591 55.5 1.4
3605 宏致 18.0 3788 11.7 28.6
2404 漢唐 19.0 1984 42.5 20.8
2337 旺宏 21.0 3493 12.8 0.0
3711 日月光投控 21.5 1908 13.1 14.5
1314 中石化 22.5 8986 9.0 10.6
1102 亞泥 22.5 5505 48.7 2.9
6505 台塑化 22.5 3629 28.5 8.4
2347 聯強 23.0 3415 68.8 6.5
3055 蔚華科 24.0 2340 9.5 24.1
9904 寶成 24.5 5111 47.1 1.6
2104 國際中橡 25.0 6918 33.0 11.5
1216 統一 25.5 3211 42.1 1.2
2609 陽明 27.0 3244 11.8 -0.5
6456 GIS-KY 27.5 2848 10.7 21.3
3532 台勝科 29.5 1618 14.4 1.1
6531 愛普* 30.0 1216 32.0 4.0
9945 潤泰新 30.5 3204 37.5 5.3
4938 和碩 30.5 2170 23.4 2.6
2379 瑞昱 30.5 1221 25.9 5.7
2027 大成鋼 31.0 2402 31.2 0.1
2313 華通 31.0 1791 18.7 -0.4
2351 順德 32.0 1714 29.2 -4.2
2886 兆豐金 34.5 1916 9.3 -1.8
3042 晶技 36.5 1346 4.1 6.7
2892 第一金 38.5 1867 10.7 -0.4
3045 台灣大 38.5 1451 21.3 -1.2
2515 中工 39.0 2283 37.8 1.3
1312 國喬 39.0 2222 16.5 -1.4
3576 聯合再生 41.0 1883 16.7 8.9
2646 星宇航空 41.0 1795 44.2 1.0
2354 鴻準 41.5 1384 21.6 1.1
2208 台船 42.0 1793 40.6 4.0
2103 台橡 42.0 1687 39.8 3.9
1402 遠東新 43.5 1584 29.1 1.8
2855 統一證 44.5 1242 21.9 11.8
2889 國票金 49.0 1239 15.4 -2.9
